"Sample_name"	"Comment"	"Flask_number"	"Replicate_number"	"Colony_count"	"Volume_plated_mL"	"Dilution_applied"	"CFU_mL"
"0-5.1"	"2024-05-14_0hr_Wire+10%inoc_5_A-F"	5.1	1	358	0.1	1e+05	3.58e+08
"0-5.1"	"2024-05-14_0hr_Wire+10%inoc_5_A-F"	5.1	2	316	0.1	100001	316003160
"0-5.1"	"2024-05-14_0hr_Wire+10%inoc_5_A-F"	5.1	3	331	0.1	100002	331006620
"0-6.1"	"2024-05-14_0hr_NoWire+10%inoc_6_A-F"	6.1	1	409	0.1	100003	409012270
"0-6.1"	"2024-05-14_0hr_NoWire+10%inoc_6_A-F"	6.1	2	408	0.1	100004	408016320
"0-6.1"	"2024-05-14_0hr_NoWire+10%inoc_6_A-F"	6.1	3	393	0.1	100005	393019650
"0-7.1"	"2024-05-14_0hr_Wire+10%inoc+DMSO_7_A-F"	7.1	1	343	0.1	100006	343020580
"0-7.1"	"2024-05-14_0hr_Wire+10%inoc+DMSO_7_A-F"	7.1	2	361	0.1	100007	361025270
"0-7.1"	"2024-05-14_0hr_Wire+10%inoc+DMSO_7_A-F"	7.1	3	339	0.1	100008	339027120
"0-8.1"	"2024-05-14_0hr_NoWire+10%inoc+DMSO_8_A-F"	8.1	1	716	0.1	100009	716064440
"0-8.1"	"2024-05-14_0hr_NoWire+10%inoc+DMSO_8_A-F"	8.1	2	393	0.1	100010	393039300
"0-8.1"	"2024-05-14_0hr_NoWire+10%inoc+DMSO_8_A-F"	8.1	3	321	0.1	100011	321035310
"24-5.1"	"2024-05-15_24hr_Wire+10%inoc_5_A-F"	5.1	1	72	0.1	1e+06	7.2e+08
"24-5.1"	"2024-05-15_24hr_Wire+10%inoc_5_A-F"	5.1	2	62	0.1	1e+06	6.2e+08
"24-5.1"	"2024-05-15_24hr_Wire+10%inoc_5_A-F"	5.1	3	58	0.1	1e+06	5.8e+08
"24-6.1"	"2024-05-15_24hr_NoWire+10%inoc_6_A-F"	6.1	1	490	0.1	1e+06	4.9e+09
"24-6.1"	"2024-05-15_24hr_NoWire+10%inoc_6_A-F"	6.1	2	470	0.1	1e+06	4.7e+09
"24-6.1"	"2024-05-15_24hr_NoWire+10%inoc_6_A-F"	6.1	3	429	0.1	1e+06	4.29e+09
"24-7.1"	"2024-05-15_24hr_Wire+10%inoc+DMSO_7_A-F"	7.1	1	36	0.1	1e+06	3.6e+08
"24-7.1"	"2024-05-15_24hr_Wire+10%inoc+DMSO_7_A-F"	7.1	2	54	0.1	1e+06	5.4e+08
"24-7.1"	"2024-05-15_24hr_Wire+10%inoc+DMSO_7_A-F"	7.1	3	42	0.1	1e+06	4.2e+08
"24-8.1"	"2024-05-15_24hr_NoWire+10%inoc+DMSO_8_A-F"	8.1	1	196	0.1	1e+06	1.96e+09
"24-8.1"	"2024-05-15_24hr_NoWire+10%inoc+DMSO_8_A-F"	8.1	2	209	0.1	1e+06	2.09e+09
"24-8.1"	"2024-05-15_24hr_NoWire+10%inoc+DMSO_8_A-F"	8.1	3	189	0.1	1e+06	1.89e+09
"72-5.1"	"2024-05-17_72hr_Wire+10%inoc_5_A-F"	5.1	1	5	0.1	1e+06	5e+07
"72-5.1"	"2024-05-17_72hr_Wire+10%inoc_5_A-F"	5.1	2	2	0.1	1e+06	2e+07
"72-5.1"	"2024-05-17_72hr_Wire+10%inoc_5_A-F"	5.1	3	7	0.1	1e+06	7e+07
"72-6.1"	"2024-05-17_72hr_NoWire+10%inoc_6_A-F"	6.1	1	582	0.1	1e+06	5.82e+09
"72-6.1"	"2024-05-17_72hr_NoWire+10%inoc_6_A-F"	6.1	2	553	0.1	1e+06	5.53e+09
"72-6.1"	"2024-05-17_72hr_NoWire+10%inoc_6_A-F"	6.1	3	535	0.1	1e+06	5.35e+09
"72-7.1"	"2024-05-17_72hr_Wire+10%inoc+DMSO_7_A-F"	7.1	1	71	0.1	1e+06	7.1e+08
"72-7.1"	"2024-05-17_72hr_Wire+10%inoc+DMSO_7_A-F"	7.1	2	62	0.1	1e+06	6.2e+08
"72-7.1"	"2024-05-17_72hr_Wire+10%inoc+DMSO_7_A-F"	7.1	3	59	0.1	1e+06	5.9e+08
"72-8.1"	"2024-05-17_72hr_NoWire+10%inoc+DMSO_8_A-F"	8.1	1	281	0.1	1e+06	2.81e+09
"72-8.1"	"2024-05-17_72hr_NoWire+10%inoc+DMSO_8_A-F"	8.1	2	235	0.1	1e+06	2.35e+09
"72-8.1"	"2024-05-17_72hr_NoWire+10%inoc+DMSO_8_A-F"	8.1	3	230	0.1	1e+06	2.3e+09
"168-5.1"	"2024-05-21_168hr_Wire+10%inoc_5_A-F"	5.1	1	0	0.1	1e+05	0
"168-5.1"	"2024-05-21_168hr_Wire+10%inoc_5_A-F"	5.1	2	3	0.1	1e+05	3e+06
"168-5.1"	"2024-05-21_168hr_Wire+10%inoc_5_A-F"	5.1	3	2	0.1	1e+05	2e+06
"168-6.1"	"2024-05-21_168hr_NoWire+10%inoc_6_A-F"	6.1	1	553	0.1	1e+06	5.53e+09
"168-6.1"	"2024-05-21_168hr_NoWire+10%inoc_6_A-F"	6.1	2	530	0.1	1e+06	5.3e+09
"168-6.1"	"2024-05-21_168hr_NoWire+10%inoc_6_A-F"	6.1	3	506	0.1	1e+06	5.06e+09
"168-7.1"	"2024-05-21_168hr_Wire+10%inoc+DMSO_7_A-F"	7.1	1	56	0.1	1e+05	5.6e+07
"168-7.1"	"2024-05-21_168hr_Wire+10%inoc+DMSO_7_A-F"	7.1	2	69	0.1	1e+05	6.9e+07
"168-7.1"	"2024-05-21_168hr_Wire+10%inoc+DMSO_7_A-F"	7.1	3	61	0.1	1e+05	6.1e+07
"168-8.1"	"2024-05-21_168hr_NoWire+10%inoc+DMSO_8_A-F"	8.1	1	277	0.1	1e+06	2.77e+09
"168-8.1"	"2024-05-21_168hr_NoWire+10%inoc+DMSO_8_A-F"	8.1	2	213	0.1	1e+06	2.13e+09
"168-8.1"	"2024-05-21_168hr_NoWire+10%inoc+DMSO_8_A-F"	8.1	3	313	0.1	1e+06	3.13e+09
"0-5.3-B"	"2024-05-28_0hr_Wire+10%inoc_5_A-F"	5.3	1	506	0.1	1e+05	5.06e+08
"0-5.3-B"	"2024-05-28_0hr_Wire+10%inoc_5_A-F"	5.3	2	530	0.1	100001	530005300
"0-5.3-B"	"2024-05-28_0hr_Wire+10%inoc_5_A-F"	5.3	3	393	0.1	100002	393007860
"0-6.3-B"	"2024-05-28_0hr_NoWire+10%inoc_6_A-F"	6.3	1	475	0.1	100003	475014250
"0-6.3-B"	"2024-05-28_0hr_NoWire+10%inoc_6_A-F"	6.3	2	467	0.1	100004	467018680
"0-6.3-B"	"2024-05-28_0hr_NoWire+10%inoc_6_A-F"	6.3	3	408	0.1	100005	408020400
"0-7.3-B"	"2024-05-28_0hr_Wire+10%inoc+DMSO_7_A-F"	7.3	1	443	0.1	100006	443026580
"0-7.3-B"	"2024-05-28_0hr_Wire+10%inoc+DMSO_7_A-F"	7.3	2	402	0.1	100007	402028140
"0-7.3-B"	"2024-05-28_0hr_Wire+10%inoc+DMSO_7_A-F"	7.3	3	339	0.1	100008	339027120
"0-8.3-B"	"2024-05-28_0hr_NoWire+10%inoc+DMSO_8_A-F"	8.3	1	246	0.1	100009	246022140
"0-8.3-B"	"2024-05-28_0hr_NoWire+10%inoc+DMSO_8_A-F"	8.3	2	327	0.1	100010	327032700
"0-8.3-B"	"2024-05-28_0hr_NoWire+10%inoc+DMSO_8_A-F"	8.3	3	281	0.1	100011	281030910
"24-5.3-B"	"2024-05-29_24hr_Wire+10%inoc_5_A-F"	5.3	1	561	0.1	1e+05	5.61e+08
"24-5.3-B"	"2024-05-29_24hr_Wire+10%inoc_5_A-F"	5.3	2	489	0.1	1e+05	4.89e+08
"24-5.3-B"	"2024-05-29_24hr_Wire+10%inoc_5_A-F"	5.3	3	554	0.1	1e+05	5.54e+08
"24-6.3-B"	"2024-05-29_24hr_NoWire+10%inoc_6_A-F"	6.3	1	340	0.1	1e+06	3.4e+09
"24-6.3-B"	"2024-05-29_24hr_NoWire+10%inoc_6_A-F"	6.3	2	319	0.1	1e+06	3.19e+09
"24-6.3-B"	"2024-05-29_24hr_NoWire+10%inoc_6_A-F"	6.3	3	321	0.1	1e+06	3.21e+09
"24-7.3-B"	"2024-05-29_24hr_Wire+10%inoc+DMSO_7_A-F"	7.3	1	421	0.1	1e+05	4.21e+08
"24-7.3-B"	"2024-05-29_24hr_Wire+10%inoc+DMSO_7_A-F"	7.3	2	396	0.1	1e+05	3.96e+08
"24-7.3-B"	"2024-05-29_24hr_Wire+10%inoc+DMSO_7_A-F"	7.3	3	371	0.1	1e+05	3.71e+08
"24-8.3-B"	"2024-05-29_24hr_NoWire+10%inoc+DMSO_8_A-F"	8.3	1	218	0.1	1e+06	2.18e+09
"24-8.3-B"	"2024-05-29_24hr_NoWire+10%inoc+DMSO_8_A-F"	8.3	2	328	0.1	1e+06	3.28e+09
"24-8.3-B"	"2024-05-29_24hr_NoWire+10%inoc+DMSO_8_A-F"	8.3	3	257	0.1	1e+06	2.57e+09
"72-5.3-B"	"2024-05-31_72hr_Wire+10%inoc_5_A-F"	5.3	1	0	0.1	1e+05	0
"72-5.3-B"	"2024-05-31_72hr_Wire+10%inoc_5_A-F"	5.3	2	0	0.1	1e+05	0
"72-5.3-B"	"2024-05-31_72hr_Wire+10%inoc_5_A-F"	5.3	3	1	0.1	1e+05	1e+06
"72-6.3-B"	"2024-05-31_72hr_NoWire+10%inoc_6_A-F"	6.3	1	538	0.1	1e+06	5.38e+09
"72-6.3-B"	"2024-05-31_72hr_NoWire+10%inoc_6_A-F"	6.3	2	582	0.1	1e+06	5.82e+09
"72-6.3-B"	"2024-05-31_72hr_NoWire+10%inoc_6_A-F"	6.3	3	565	0.1	1e+06	5.65e+09
"72-7.3-B"	"2024-05-31_72hr_Wire+10%inoc+DMSO_7_A-F"	7.3	1	375	0.1	1e+05	3.75e+08
"72-7.3-B"	"2024-05-31_72hr_Wire+10%inoc+DMSO_7_A-F"	7.3	2	377	0.1	1e+05	3.77e+08
"72-7.3-B"	"2024-05-31_72hr_Wire+10%inoc+DMSO_7_A-F"	7.3	3	367	0.1	1e+05	3.67e+08
"72-8.3-B"	"2024-05-31_72hr_NoWire+10%inoc+DMSO_8_A-F"	8.3	1	169	0.1	1e+06	1.69e+09
"72-8.3-B"	"2024-05-31_72hr_NoWire+10%inoc+DMSO_8_A-F"	8.3	2	158	0.1	1e+06	1.58e+09
"72-8.3-B"	"2024-05-31_72hr_NoWire+10%inoc+DMSO_8_A-F"	8.3	3	195	0.1	1e+06	1.95e+09
"168-5.3-B"	"2024-06-04_168hr_Wire+10%inoc_5_A-F"	5.3	1	0	0.1	1e+05	0
"168-5.3-B"	"2024-06-04_168hr_Wire+10%inoc_5_A-F"	5.3	2	0	0.1	1e+05	0
"168-5.3-B"	"2024-06-04_168hr_Wire+10%inoc_5_A-F"	5.3	3	5	0.1	1e+05	5e+06
"168-6.3-B"	"2024-06-04_168hr_NoWire+10%inoc_6_A-F"	6.3	1	404	0.1	1e+06	4.04e+09
"168-6.3-B"	"2024-06-04_168hr_NoWire+10%inoc_6_A-F"	6.3	2	415	0.1	1e+06	4.15e+09
"168-6.3-B"	"2024-06-04_168hr_NoWire+10%inoc_6_A-F"	6.3	3	385	0.1	1e+06	3.85e+09
"168-7.3-B"	"2024-06-04_168hr_Wire+10%inoc+DMSO_7_A-F"	7.3	1	58	0.1	1e+05	5.8e+07
"168-7.3-B"	"2024-06-04_168hr_Wire+10%inoc+DMSO_7_A-F"	7.3	2	63	0.1	1e+05	6.3e+07
"168-7.3-B"	"2024-06-04_168hr_Wire+10%inoc+DMSO_7_A-F"	7.3	3	56	0.1	1e+05	5.6e+07
"168-8.3-B"	"2024-06-04_168hr_NoWire+10%inoc+DMSO_8_A-F"	8.3	1	115	0.1	1e+06	1.15e+09
"168-8.3-B"	"2024-06-04_168hr_NoWire+10%inoc+DMSO_8_A-F"	8.3	2	105	0.1	1e+06	1.05e+09
"168-8.3-B"	"2024-06-04_168hr_NoWire+10%inoc+DMSO_8_A-F"	8.3	3	107	0.1	1e+06	1.07e+09
"0-5.5-B"	"2025-01-14_0hr_Wire+10%inoc_5_A-F"	5.5	1	511	0.1	1e+05	5.11e+08
"0-5.5-B"	"2025-01-14_0hr_Wire+10%inoc_5_A-F"	5.5	2	492	0.1	100001	492004920
"0-5.5-B"	"2025-01-14_0hr_Wire+10%inoc_5_A-F"	5.5	3	534	0.1	100002	534010680
"0-5.6-B"	"2025-01-14_0hr_Wire+10%inoc_5_A-F"	5.6	1	396	0.1	100003	396011880
"0-5.6-B"	"2025-01-14_0hr_Wire+10%inoc_5_A-F"	5.6	2	392	0.1	100004	392015680
"0-5.6-B"	"2025-01-14_0hr_Wire+10%inoc_5_A-F"	5.6	3	390	0.1	100005	390019500
"0-6.5-B"	"2025-01-14_0hr_NoWire+10%inoc_6_A-F"	6.5	1	424	0.1	100006	424025440
"0-6.5-B"	"2025-01-14_0hr_NoWire+10%inoc_6_A-F"	6.5	2	406	0.1	100007	406028420
"0-6.5-B"	"2025-01-14_0hr_NoWire+10%inoc_6_A-F"	6.5	3	416	0.1	100008	416033280
"0-6.6-B"	"2025-01-14_0hr_NoWire+10%inoc_6_A-F"	6.6	1	591	0.1	100009	591053190
"0-6.6-B"	"2025-01-14_0hr_NoWire+10%inoc_6_A-F"	6.6	2	496	0.1	100010	496049600
"0-6.6-B"	"2025-01-14_0hr_NoWire+10%inoc_6_A-F"	6.6	3	480	0.1	100011	480052800
"24-5.5-B"	"2025-01-15_24hr_Wire+10%inoc_5_A-F"	5.5	1	584	0.1	100011	584064240
"24-5.5-B"	"2025-01-15_24hr_Wire+10%inoc_5_A-F"	5.5	2	634	0.1	100011	634069740
"24-5.5-B"	"2025-01-15_24hr_Wire+10%inoc_5_A-F"	5.5	3	583	0.1	100011	583064130
"24-5.6-B"	"2025-01-15_24hr_Wire+10%inoc_5_A-F"	5.6	1	489	0.1	100011	489053790
"24-5.6-B"	"2025-01-15_24hr_Wire+10%inoc_5_A-F"	5.6	2	500	0.1	100011	500055000
"24-5.6-B"	"2025-01-15_24hr_Wire+10%inoc_5_A-F"	5.6	3	511	0.1	100011	511056210
"24-6.5-B"	"2025-01-15_24hr_NoWire+10%inoc_6_A-F"	6.5	1	572	0.1	1e+06	5.72e+09
"24-6.5-B"	"2025-01-15_24hr_NoWire+10%inoc_6_A-F"	6.5	2	646	0.1	1e+06	6.46e+09
"24-6.5-B"	"2025-01-15_24hr_NoWire+10%inoc_6_A-F"	6.5	3	567	0.1	1e+06	5.67e+09
"24-6.6-B"	"2025-01-15_24hr_NoWire+10%inoc_6_A-F"	6.6	1	803	0.1	1e+06	8.03e+09
"24-6.6-B"	"2025-01-15_24hr_NoWire+10%inoc_6_A-F"	6.6	2	720	0.1	1e+06	7.2e+09
"24-6.6-B"	"2025-01-15_24hr_NoWire+10%inoc_6_A-F"	6.6	3	732	0.1	1e+06	7.32e+09
"72-5.5-B"	"2025-01-17_72hr_Wire+10%inoc_5_A-F"	5.5	1	29	0.1	1e+05	2.9e+07
"72-5.5-B"	"2025-01-17_72hr_Wire+10%inoc_5_A-F"	5.5	2	26	0.1	1e+05	2.6e+07
"72-5.5-B"	"2025-01-17_72hr_Wire+10%inoc_5_A-F"	5.5	3	22	0.1	1e+05	2.2e+07
"72-5.6-B"	"2025-01-17_72hr_Wire+10%inoc_5_A-F"	5.6	1	2	0.1	1e+05	2e+06
"72-5.6-B"	"2025-01-17_72hr_Wire+10%inoc_5_A-F"	5.6	2	9	0.1	1e+05	9e+06
"72-5.6-B"	"2025-01-17_72hr_Wire+10%inoc_5_A-F"	5.6	3	10	0.1	1e+05	1e+07
"72-6.5-B"	"2025-01-17_72hr_NoWire+10%inoc_6_A-F"	6.5	1	46	0.1	1e+07	4.6e+09
"72-6.5-B"	"2025-01-17_72hr_NoWire+10%inoc_6_A-F"	6.5	2	65	0.1	1e+07	6.5e+09
"72-6.5-B"	"2025-01-17_72hr_NoWire+10%inoc_6_A-F"	6.5	3	47	0.1	1e+07	4.7e+09
"72-6.6-B"	"2025-01-17_72hr_NoWire+10%inoc_6_A-F"	6.6	1	56	0.1	1e+07	5.6e+09
"72-6.6-B"	"2025-01-17_72hr_NoWire+10%inoc_6_A-F"	6.6	2	74	0.1	1e+07	7.4e+09
"72-6.6-B"	"2025-01-17_72hr_NoWire+10%inoc_6_A-F"	6.6	3	65	0.1	1e+07	6.5e+09
"168-5.5-B"	"2025-01-21_168hr_Wire+10%inoc_5_A-F"	5.5	1	20	0.1	10000	2e+06
"168-5.5-B"	"2025-01-21_168hr_Wire+10%inoc_5_A-F"	5.5	2	19	0.1	10000	1900000
"168-5.5-B"	"2025-01-21_168hr_Wire+10%inoc_5_A-F"	5.5	3	25	0.1	10000	2500000
"168-5.6-B"	"2025-01-21_168hr_Wire+10%inoc_5_A-F"	5.6	1	105	0.1	10000	10500000
"168-5.6-B"	"2025-01-21_168hr_Wire+10%inoc_5_A-F"	5.6	2	21	0.1	10000	2100000
"168-5.6-B"	"2025-01-21_168hr_Wire+10%inoc_5_A-F"	5.6	3	35	0.1	10000	3500000
"168-6.5-B"	"2025-01-21_168hr_NoWire+10%inoc_6_A-F"	6.5	1	411	0.1	1e+06	4.11e+09
"168-6.5-B"	"2025-01-21_168hr_NoWire+10%inoc_6_A-F"	6.5	2	434	0.1	1e+06	4.34e+09
"168-6.5-B"	"2025-01-21_168hr_NoWire+10%inoc_6_A-F"	6.5	3	405	0.1	1e+06	4.05e+09
"168-6.6-B"	"2025-01-21_168hr_NoWire+10%inoc_6_A-F"	6.6	1	348	0.1	1e+06	3.48e+09
"168-6.6-B"	"2025-01-21_168hr_NoWire+10%inoc_6_A-F"	6.6	2	389	0.1	1e+06	3.89e+09
"168-6.6-B"	"2025-01-21_168hr_NoWire+10%inoc_6_A-F"	6.6	3	401	0.1	1e+06	4.01e+09
"0-1.1-P"	"2025-03-18_0hr_Wire+10%inoc∆phz_1_A-F"	1.1	1	87	0.1	1e+06	8.7e+08
"0-1.1-P"	"2025-03-18_0hr_Wire+10%inoc∆phz_1_A-F"	1.1	2	48	0.1	1e+06	4.8e+08
"0-1.1-P"	"2025-03-18_0hr_Wire+10%inoc∆phz_1_A-F"	1.1	3	80	0.1	1e+06	8e+08
"0-1.2-P"	"2025-03-18_0hr_Wire+10%inoc∆phz_1_A-F"	1.2	1	90	0.1	1e+06	9e+08
"0-1.2-P"	"2025-03-18_0hr_Wire+10%inoc∆phz_1_A-F"	1.2	2	61	0.1	1e+06	6.1e+08
"0-1.2-P"	"2025-03-18_0hr_Wire+10%inoc∆phz_1_A-F"	1.2	3	55	0.1	1e+06	5.5e+08
"0-1.3-P"	"2025-03-18_0hr_Wire+10%inoc∆phz_1_A-F"	1.3	1	86	0.1	1e+06	8.6e+08
"0-1.3-P"	"2025-03-18_0hr_Wire+10%inoc∆phz_1_A-F"	1.3	2	74	0.1	1e+06	7.4e+08
"0-1.3-P"	"2025-03-18_0hr_Wire+10%inoc∆phz_1_A-F"	1.3	3	76	0.1	1e+06	7.6e+08
"0-1.4-P"	"2025-03-18_0hr_Wire+10%inoc∆phz_1_A-F"	1.4	1	69	0.1	1e+06	6.9e+08
"0-1.4-P"	"2025-03-18_0hr_Wire+10%inoc∆phz_1_A-F"	1.4	2	70	0.1	1e+06	7e+08
"0-1.4-P"	"2025-03-18_0hr_Wire+10%inoc∆phz_1_A-F"	1.4	3	78	0.1	1e+06	7.8e+08
"0-2.1-P"	"2025-03-18_0hr_NoWire+10%inoc∆phz_2_A-F"	2.1	1	102	0.1	1e+06	1.02e+09
"0-2.1-P"	"2025-03-18_0hr_NoWire+10%inoc∆phz_2_A-F"	2.1	2	70	0.1	1e+06	7e+08
"0-2.1-P"	"2025-03-18_0hr_NoWire+10%inoc∆phz_2_A-F"	2.1	3	74	0.1	1e+06	7.4e+08
"0-2.2-P"	"2025-03-18_0hr_NoWire+10%inoc∆phz_2_A-F"	2.2	1	86	0.1	1e+06	8.6e+08
"0-2.2-P"	"2025-03-18_0hr_NoWire+10%inoc∆phz_2_A-F"	2.2	2	79	0.1	1e+06	7.9e+08
"0-2.2-P"	"2025-03-18_0hr_NoWire+10%inoc∆phz_2_A-F"	2.2	3	88	0.1	1e+06	8.8e+08
"0-2.3-P"	"2025-03-18_0hr_NoWire+10%inoc∆phz_2_A-F"	2.3	1	77	0.1	1e+06	7.7e+08
"0-2.3-P"	"2025-03-18_0hr_NoWire+10%inoc∆phz_2_A-F"	2.3	2	80	0.1	1e+06	8e+08
"0-2.3-P"	"2025-03-18_0hr_NoWire+10%inoc∆phz_2_A-F"	2.3	3	50	0.1	1e+06	5e+08
"0-2.4-P"	"2025-03-18_0hr_NoWire+10%inoc∆phz_2_A-F"	2.4	1	74	0.1	1e+06	7.4e+08
"0-2.4-P"	"2025-03-18_0hr_NoWire+10%inoc∆phz_2_A-F"	2.4	2	72	0.1	1e+06	7.2e+08
"0-2.4-P"	"2025-03-18_0hr_NoWire+10%inoc∆phz_2_A-F"	2.4	3	78	0.1	1e+06	7.8e+08
"24-1.1-P"	"2025-03-19_24hr_Wire+10%inoc∆phz_1_A-F"	1.1	1	50	0.1	1e+06	5e+08
"24-1.1-P"	"2025-03-19_24hr_Wire+10%inoc∆phz_1_A-F"	1.1	2	54	0.1	1e+06	5.4e+08
"24-1.1-P"	"2025-03-19_24hr_Wire+10%inoc∆phz_1_A-F"	1.1	3	29	0.1	1e+06	2.9e+08
"24-1.2-P"	"2025-03-19_24hr_Wire+10%inoc∆phz_1_A-F"	1.2	1	60	0.1	1e+06	6e+08
"24-1.2-P"	"2025-03-19_24hr_Wire+10%inoc∆phz_1_A-F"	1.2	2	64	0.1	1e+06	6.4e+08
"24-1.2-P"	"2025-03-19_24hr_Wire+10%inoc∆phz_1_A-F"	1.2	3	56	0.1	1e+06	5.6e+08
"24-1.3-P"	"2025-03-19_24hr_Wire+10%inoc∆phz_1_A-F"	1.3	1	67	0.1	1e+06	6.7e+08
"24-1.3-P"	"2025-03-19_24hr_Wire+10%inoc∆phz_1_A-F"	1.3	2	47	0.1	1e+06	4.7e+08
"24-1.3-P"	"2025-03-19_24hr_Wire+10%inoc∆phz_1_A-F"	1.3	3	50	0.1	1e+06	5e+08
"24-1.4-P"	"2025-03-19_24hr_Wire+10%inoc∆phz_1_A-F"	1.4	1	39	0.1	1e+06	3.9e+08
"24-1.4-P"	"2025-03-19_24hr_Wire+10%inoc∆phz_1_A-F"	1.4	2	69	0.1	1e+06	6.9e+08
"24-1.4-P"	"2025-03-19_24hr_Wire+10%inoc∆phz_1_A-F"	1.4	3	53	0.1	1e+06	5.3e+08
"24-2.1-P"	"2025-03-19_24hr_NoWire+10%inoc∆phz_2_A-F"	2.1	1	78	0.1	1e+07	7.8e+09
"24-2.1-P"	"2025-03-19_24hr_NoWire+10%inoc∆phz_2_A-F"	2.1	2	76	0.1	1e+07	7.6e+09
"24-2.1-P"	"2025-03-19_24hr_NoWire+10%inoc∆phz_2_A-F"	2.1	3	68	0.1	1e+07	6.8e+09
"24-2.2-P"	"2025-03-19_24hr_NoWire+10%inoc∆phz_2_A-F"	2.2	1	78	0.1	1e+07	7.8e+09
"24-2.2-P"	"2025-03-19_24hr_NoWire+10%inoc∆phz_2_A-F"	2.2	2	85	0.1	1e+07	8.5e+09
"24-2.2-P"	"2025-03-19_24hr_NoWire+10%inoc∆phz_2_A-F"	2.2	3	79	0.1	1e+07	7.9e+09
"24-2.3-P"	"2025-03-19_24hr_NoWire+10%inoc∆phz_2_A-F"	2.3	1	66	0.1	1e+07	6.6e+09
"24-2.3-P"	"2025-03-19_24hr_NoWire+10%inoc∆phz_2_A-F"	2.3	2	70	0.1	1e+07	7e+09
"24-2.3-P"	"2025-03-19_24hr_NoWire+10%inoc∆phz_2_A-F"	2.3	3	74	0.1	1e+07	7.4e+09
"24-2.4-P"	"2025-03-19_24hr_NoWire+10%inoc∆phz_2_A-F"	2.4	1	76	0.1	1e+07	7.6e+09
"24-2.4-P"	"2025-03-19_24hr_NoWire+10%inoc∆phz_2_A-F"	2.4	2	60	0.1	1e+07	6e+09
"24-2.4-P"	"2025-03-19_24hr_NoWire+10%inoc∆phz_2_A-F"	2.4	3	56	0.1	1e+07	5.6e+09
"72-1.1-P"	"2025-03-21_72hr_Wire+10%inoc∆phz_1_A-F"	1.1	1	268	0.1	1e+05	2.68e+08
"72-1.1-P"	"2025-03-21_72hr_Wire+10%inoc∆phz_1_A-F"	1.1	2	304	0.1	1e+05	3.04e+08
"72-1.1-P"	"2025-03-21_72hr_Wire+10%inoc∆phz_1_A-F"	1.1	3	200	0.1	1e+05	2e+08
"72-1.2-P"	"2025-03-21_72hr_Wire+10%inoc∆phz_1_A-F"	1.2	1	150	0.1	1e+05	1.5e+08
"72-1.2-P"	"2025-03-21_72hr_Wire+10%inoc∆phz_1_A-F"	1.2	2	139	0.1	1e+05	1.39e+08
"72-1.2-P"	"2025-03-21_72hr_Wire+10%inoc∆phz_1_A-F"	1.2	3	110	0.1	1e+05	1.1e+08
"72-1.3-P"	"2025-03-21_72hr_Wire+10%inoc∆phz_1_A-F"	1.3	1	92	0.1	1e+05	9.2e+07
"72-1.3-P"	"2025-03-21_72hr_Wire+10%inoc∆phz_1_A-F"	1.3	2	102	0.1	1e+05	1.02e+08
"72-1.3-P"	"2025-03-21_72hr_Wire+10%inoc∆phz_1_A-F"	1.3	3	116	0.1	1e+05	1.16e+08
"72-1.4-P"	"2025-03-21_72hr_Wire+10%inoc∆phz_1_A-F"	1.4	1	130	0.1	1e+05	1.3e+08
"72-1.4-P"	"2025-03-21_72hr_Wire+10%inoc∆phz_1_A-F"	1.4	2	148	0.1	1e+05	1.48e+08
"72-1.4-P"	"2025-03-21_72hr_Wire+10%inoc∆phz_1_A-F"	1.4	3	92	0.1	1e+05	9.2e+07
"72-2.1-P"	"2025-03-21_72hr_NoWire+10%inoc∆phz_2_A-F"	2.1	1	79	0.1	1e+07	7.9e+09
"72-2.1-P"	"2025-03-21_72hr_NoWire+10%inoc∆phz_2_A-F"	2.1	2	94	0.1	1e+07	9.4e+09
"72-2.1-P"	"2025-03-21_72hr_NoWire+10%inoc∆phz_2_A-F"	2.1	3	84	0.1	1e+07	8.4e+09
"72-2.2-P"	"2025-03-21_72hr_NoWire+10%inoc∆phz_2_A-F"	2.2	1	77	0.1	1e+07	7.7e+09
"72-2.2-P"	"2025-03-21_72hr_NoWire+10%inoc∆phz_2_A-F"	2.2	2	81	0.1	1e+07	8.1e+09
"72-2.2-P"	"2025-03-21_72hr_NoWire+10%inoc∆phz_2_A-F"	2.2	3	68	0.1	1e+07	6.8e+09
"72-2.3-P"	"2025-03-21_72hr_NoWire+10%inoc∆phz_2_A-F"	2.3	1	90	0.1	1e+07	9e+09
"72-2.3-P"	"2025-03-21_72hr_NoWire+10%inoc∆phz_2_A-F"	2.3	2	99	0.1	1e+07	9.9e+09
"72-2.3-P"	"2025-03-21_72hr_NoWire+10%inoc∆phz_2_A-F"	2.3	3	108	0.1	1e+07	1.08e+10
"72-2.4-P"	"2025-03-21_72hr_NoWire+10%inoc∆phz_2_A-F"	2.4	1	75	0.1	1e+07	7.5e+09
"72-2.4-P"	"2025-03-21_72hr_NoWire+10%inoc∆phz_2_A-F"	2.4	2	90	0.1	1e+07	9e+09
"72-2.4-P"	"2025-03-21_72hr_NoWire+10%inoc∆phz_2_A-F"	2.4	3	97	0.1	1e+07	9.7e+09
"168-1.1-P"	"2025-03-25_168hr_Wire+10%inoc∆phz_1_A-F"	1.1	1	104	0.1	10000	10400000
"168-1.1-P"	"2025-03-25_168hr_Wire+10%inoc∆phz_1_A-F"	1.1	2	94	0.1	10000	9400000
"168-1.1-P"	"2025-03-25_168hr_Wire+10%inoc∆phz_1_A-F"	1.1	3	67	0.1	10000	6700000
"168-1.2-P"	"2025-03-25_168hr_Wire+10%inoc∆phz_1_A-F"	1.2	1	38	0.1	10000	3800000
"168-1.2-P"	"2025-03-25_168hr_Wire+10%inoc∆phz_1_A-F"	1.2	2	66	0.1	10000	6600000
"168-1.2-P"	"2025-03-25_168hr_Wire+10%inoc∆phz_1_A-F"	1.2	3	30	0.1	10000	3e+06
"168-1.3-P"	"2025-03-25_168hr_Wire+10%inoc∆phz_1_A-F"	1.3	1	28	0.1	10000	2800000
"168-1.3-P"	"2025-03-25_168hr_Wire+10%inoc∆phz_1_A-F"	1.3	2	49	0.1	10000	4900000
"168-1.3-P"	"2025-03-25_168hr_Wire+10%inoc∆phz_1_A-F"	1.3	3	36	0.1	10000	3600000
"168-1.4-P"	"2025-03-25_168hr_Wire+10%inoc∆phz_1_A-F"	1.4	1	93	0.1	10000	9300000
"168-1.4-P"	"2025-03-25_168hr_Wire+10%inoc∆phz_1_A-F"	1.4	2	103	0.1	10000	10300000
"168-1.4-P"	"2025-03-25_168hr_Wire+10%inoc∆phz_1_A-F"	1.4	3	88	0.1	10000	8800000
"168-2.1-P"	"2025-03-25_168hr_NoWire+10%inoc∆phz_2_A-F"	2.1	1	65	0.1	1e+07	6.5e+09
"168-2.1-P"	"2025-03-25_168hr_NoWire+10%inoc∆phz_2_A-F"	2.1	2	55	0.1	1e+07	5.5e+09
"168-2.1-P"	"2025-03-25_168hr_NoWire+10%inoc∆phz_2_A-F"	2.1	3	62	0.1	1e+07	6.2e+09
"168-2.2-P"	"2025-03-25_168hr_NoWire+10%inoc∆phz_2_A-F"	2.2	1	52	0.1	1e+07	5.2e+09
"168-2.2-P"	"2025-03-25_168hr_NoWire+10%inoc∆phz_2_A-F"	2.2	2	41	0.1	1e+07	4.1e+09
"168-2.2-P"	"2025-03-25_168hr_NoWire+10%inoc∆phz_2_A-F"	2.2	3	53	0.1	1e+07	5.3e+09
"168-2.3-P"	"2025-03-25_168hr_NoWire+10%inoc∆phz_2_A-F"	2.3	1	35	0.1	1e+07	3.5e+09
"168-2.3-P"	"2025-03-25_168hr_NoWire+10%inoc∆phz_2_A-F"	2.3	2	56	0.1	1e+07	5.6e+09
"168-2.3-P"	"2025-03-25_168hr_NoWire+10%inoc∆phz_2_A-F"	2.3	3	53	0.1	1e+07	5.3e+09
"168-2.4-P"	"2025-03-25_168hr_NoWire+10%inoc∆phz_2_A-F"	2.4	1	51	0.1	1e+07	5.1e+09
"168-2.4-P"	"2025-03-25_168hr_NoWire+10%inoc∆phz_2_A-F"	2.4	2	38	0.1	1e+07	3.8e+09
"168-2.4-P"	"2025-03-25_168hr_NoWire+10%inoc∆phz_2_A-F"	2.4	3	56	0.1	1e+07	5.6e+09
"0-1.1-H"	"2025-07-07_0hr_Wire+10%inoc∆hcn_1_A-F"	1.5	1	559	0.1	1e+05	5.59e+08
"0-1.1-H"	"2025-07-07_0hr_Wire+10%inoc∆hcn_1_A-F"	1.5	2	512	0.1	1e+05	5.12e+08
"0-1.1-H"	"2025-07-07_0hr_Wire+10%inoc∆hcn_1_A-F"	1.5	3	416	0.1	1e+05	4.16e+08
"0-1.2-H"	"2025-07-07_0hr_Wire+10%inoc∆hcn_1_A-F"	1.6	1	683	0.1	1e+05	6.83e+08
"0-1.2-H"	"2025-07-07_0hr_Wire+10%inoc∆hcn_1_A-F"	1.6	2	536	0.1	1e+05	5.36e+08
"0-1.2-H"	"2025-07-07_0hr_Wire+10%inoc∆hcn_1_A-F"	1.6	3	420	0.1	1e+05	4.2e+08
"0-1.3-H"	"2025-07-07_0hr_Wire+10%inoc∆hcn_1_A-F"	1.7	1	616	0.1	1e+05	6.16e+08
"0-1.3-H"	"2025-07-07_0hr_Wire+10%inoc∆hcn_1_A-F"	1.7	2	499	0.1	1e+05	4.99e+08
"0-1.3-H"	"2025-07-07_0hr_Wire+10%inoc∆hcn_1_A-F"	1.7	3	587	0.1	1e+05	5.87e+08
"0-1.4-H"	"2025-07-07_0hr_Wire+10%inoc∆hcn_1_A-F"	1.8	1	527	0.1	1e+05	5.27e+08
"0-1.4-H"	"2025-07-07_0hr_Wire+10%inoc∆hcn_1_A-F"	1.8	2	457	0.1	1e+05	4.57e+08
"0-1.4-H"	"2025-07-07_0hr_Wire+10%inoc∆hcn_1_A-F"	1.8	3	398	0.1	1e+05	3.98e+08
"0-2.1-H"	"2025-07-07_0hr_NoWire+10%inoc∆hcn_2_A-F"	2.5	1	566	0.1	1e+05	5.66e+08
"0-2.1-H"	"2025-07-07_0hr_NoWire+10%inoc∆hcn_2_A-F"	2.5	2	434	0.1	1e+05	4.34e+08
"0-2.1-H"	"2025-07-07_0hr_NoWire+10%inoc∆hcn_2_A-F"	2.5	3	452	0.1	1e+05	4.52e+08
"0-2.2-H"	"2025-07-07_0hr_NoWire+10%inoc∆hcn_2_A-F"	2.6	1	598	0.1	1e+05	5.98e+08
"0-2.2-H"	"2025-07-07_0hr_NoWire+10%inoc∆hcn_2_A-F"	2.6	2	536	0.1	1e+05	5.36e+08
"0-2.2-H"	"2025-07-07_0hr_NoWire+10%inoc∆hcn_2_A-F"	2.6	3	491	0.1	1e+05	4.91e+08
"0-2.3-H"	"2025-07-07_0hr_NoWire+10%inoc∆hcn_2_A-F"	2.7	1	562	0.1	1e+05	5.62e+08
"0-2.3-H"	"2025-07-07_0hr_NoWire+10%inoc∆hcn_2_A-F"	2.7	2	437	0.1	1e+05	4.37e+08
"0-2.3-H"	"2025-07-07_0hr_NoWire+10%inoc∆hcn_2_A-F"	2.7	3	512	0.1	1e+05	5.12e+08
"0-2.4-H"	"2025-07-07_0hr_NoWire+10%inoc∆hcn_2_A-F"	2.8	1	457	0.1	1e+05	4.57e+08
"0-2.4-H"	"2025-07-07_0hr_NoWire+10%inoc∆hcn_2_A-F"	2.8	2	534	0.1	1e+05	5.34e+08
"0-2.4-H"	"2025-07-07_0hr_NoWire+10%inoc∆hcn_2_A-F"	2.8	3	568	0.1	1e+05	5.68e+08
"24-1.1-H"	"2025-07-08_24hr_Wire+10%inoc∆hcn_1_A-F"	1.5	1	153	0.1	1e+06	1.53e+09
"24-1.1-H"	"2025-07-08_24hr_Wire+10%inoc∆hcn_1_A-F"	1.5	2	90	0.1	1e+06	9e+08
"24-1.1-H"	"2025-07-08_24hr_Wire+10%inoc∆hcn_1_A-F"	1.5	3	181	0.1	1e+06	1.81e+09
"24-1.2-H"	"2025-07-08_24hr_Wire+10%inoc∆hcn_1_A-F"	1.6	1	128	0.1	1e+06	1.28e+09
"24-1.2-H"	"2025-07-08_24hr_Wire+10%inoc∆hcn_1_A-F"	1.6	2	93	0.1	1e+06	9.3e+08
"24-1.2-H"	"2025-07-08_24hr_Wire+10%inoc∆hcn_1_A-F"	1.6	3	95	0.1	1e+06	9.5e+08
"24-1.3-H"	"2025-07-08_24hr_Wire+10%inoc∆hcn_1_A-F"	1.7	1	105	0.1	1e+06	1.05e+09
"24-1.3-H"	"2025-07-08_24hr_Wire+10%inoc∆hcn_1_A-F"	1.7	2	79	0.1	1e+06	7.9e+08
"24-1.3-H"	"2025-07-08_24hr_Wire+10%inoc∆hcn_1_A-F"	1.7	3	153	0.1	1e+06	1.53e+09
"24-1.4-H"	"2025-07-08_24hr_Wire+10%inoc∆hcn_1_A-F"	1.8	1	140	0.1	1e+06	1.4e+09
"24-1.4-H"	"2025-07-08_24hr_Wire+10%inoc∆hcn_1_A-F"	1.8	2	114	0.1	1e+06	1.14e+09
"24-1.4-H"	"2025-07-08_24hr_Wire+10%inoc∆hcn_1_A-F"	1.8	3	142	0.1	1e+06	1.42e+09
"24-2.1-H"	"2025-07-08_24hr_NoWire+10%inoc∆hcn_2_A-F"	2.5	1	78	0.1	1e+07	7.8e+09
"24-2.1-H"	"2025-07-08_24hr_NoWire+10%inoc∆hcn_2_A-F"	2.5	2	152	0.1	1e+07	1.52e+10
"24-2.1-H"	"2025-07-08_24hr_NoWire+10%inoc∆hcn_2_A-F"	2.5	3	48	0.1	1e+07	4.8e+09
"24-2.2-H"	"2025-07-08_24hr_NoWire+10%inoc∆hcn_2_A-F"	2.6	1	64	0.1	1e+07	6.4e+09
"24-2.2-H"	"2025-07-08_24hr_NoWire+10%inoc∆hcn_2_A-F"	2.6	2	47	0.1	1e+07	4.7e+09
"24-2.2-H"	"2025-07-08_24hr_NoWire+10%inoc∆hcn_2_A-F"	2.6	3	47	0.1	1e+07	4.7e+09
"24-2.3-H"	"2025-07-08_24hr_NoWire+10%inoc∆hcn_2_A-F"	2.7	1	45	0.1	1e+07	4.5e+09
"24-2.3-H"	"2025-07-08_24hr_NoWire+10%inoc∆hcn_2_A-F"	2.7	2	48	0.1	1e+07	4.8e+09
"24-2.3-H"	"2025-07-08_24hr_NoWire+10%inoc∆hcn_2_A-F"	2.7	3	70	0.1	1e+07	7e+09
"24-2.4-H"	"2025-07-08_24hr_NoWire+10%inoc∆hcn_2_A-F"	2.8	1	64	0.1	1e+07	6.4e+09
"24-2.4-H"	"2025-07-08_24hr_NoWire+10%inoc∆hcn_2_A-F"	2.8	2	46	0.1	1e+07	4.6e+09
"24-2.4-H"	"2025-07-08_24hr_NoWire+10%inoc∆hcn_2_A-F"	2.8	3	53	0.1	1e+07	5.3e+09
"72-1.1-H"	"2025-07-10_72hr_Wire+10%inoc∆hcn_1_A-F"	1.5	1	204	0.1	1e+05	2.04e+08
"72-1.1-H"	"2025-07-10_72hr_Wire+10%inoc∆hcn_1_A-F"	1.5	2	152	0.1	1e+05	1.52e+08
"72-1.1-H"	"2025-07-10_72hr_Wire+10%inoc∆hcn_1_A-F"	1.5	3	130	0.1	1e+05	1.3e+08
"72-1.2-H"	"2025-07-10_72hr_Wire+10%inoc∆hcn_1_A-F"	1.6	1	62	0.1	1e+05	6.2e+07
"72-1.2-H"	"2025-07-10_72hr_Wire+10%inoc∆hcn_1_A-F"	1.6	2	44	0.1	1e+05	4.4e+07
"72-1.2-H"	"2025-07-10_72hr_Wire+10%inoc∆hcn_1_A-F"	1.6	3	49	0.1	1e+05	4.9e+07
"72-1.3-H"	"2025-07-10_72hr_Wire+10%inoc∆hcn_1_A-F"	1.7	1	29	0.1	1e+05	2.9e+07
"72-1.3-H"	"2025-07-10_72hr_Wire+10%inoc∆hcn_1_A-F"	1.7	2	20	0.1	1e+05	2e+07
"72-1.3-H"	"2025-07-10_72hr_Wire+10%inoc∆hcn_1_A-F"	1.7	3	48	0.1	1e+05	4.8e+07
"72-1.4-H"	"2025-07-10_72hr_Wire+10%inoc∆hcn_1_A-F"	1.8	1	172	0.1	1e+05	1.72e+08
"72-1.4-H"	"2025-07-10_72hr_Wire+10%inoc∆hcn_1_A-F"	1.8	2	146	0.1	1e+05	1.46e+08
"72-1.4-H"	"2025-07-10_72hr_Wire+10%inoc∆hcn_1_A-F"	1.8	3	195	0.1	1e+05	1.95e+08
"72-2.1-H"	"2025-07-10_72hr_NoWire+10%inoc∆hcn_2_A-F"	2.5	1	59	0.1	1e+07	5.9e+09
"72-2.1-H"	"2025-07-10_72hr_NoWire+10%inoc∆hcn_2_A-F"	2.5	2	61	0.1	1e+07	6.1e+09
"72-2.1-H"	"2025-07-10_72hr_NoWire+10%inoc∆hcn_2_A-F"	2.5	3	62	0.1	1e+07	6.2e+09
"72-2.2-H"	"2025-07-10_72hr_NoWire+10%inoc∆hcn_2_A-F"	2.6	1	86	0.1	1e+07	8.6e+09
"72-2.2-H"	"2025-07-10_72hr_NoWire+10%inoc∆hcn_2_A-F"	2.6	2	200	0.1	1e+07	2e+10
"72-2.2-H"	"2025-07-10_72hr_NoWire+10%inoc∆hcn_2_A-F"	2.6	3	130	0.1	1e+07	1.3e+10
"72-2.3-H"	"2025-07-10_72hr_NoWire+10%inoc∆hcn_2_A-F"	2.7	1	58	0.1	1e+07	5.8e+09
"72-2.3-H"	"2025-07-10_72hr_NoWire+10%inoc∆hcn_2_A-F"	2.7	2	117	0.1	1e+07	1.17e+10
"72-2.3-H"	"2025-07-10_72hr_NoWire+10%inoc∆hcn_2_A-F"	2.7	3	62	0.1	1e+07	6.2e+09
"72-2.4-H"	"2025-07-10_72hr_NoWire+10%inoc∆hcn_2_A-F"	2.8	1	80	0.1	1e+07	8e+09
"72-2.4-H"	"2025-07-10_72hr_NoWire+10%inoc∆hcn_2_A-F"	2.8	2	115	0.1	1e+07	1.15e+10
"72-2.4-H"	"2025-07-10_72hr_NoWire+10%inoc∆hcn_2_A-F"	2.8	3	44	0.1	1e+07	4.4e+09
"168-1.1-H"	"2025-07-14_168hr_Wire+10%inoc∆hcn_1_A-F"	1.5	1	21	0.1	10000	2100000
"168-1.1-H"	"2025-07-14_168hr_Wire+10%inoc∆hcn_1_A-F"	1.5	2	27	0.1	10000	2700000
"168-1.1-H"	"2025-07-14_168hr_Wire+10%inoc∆hcn_1_A-F"	1.5	3	23	0.1	10000	2300000
"168-1.2-H"	"2025-07-14_168hr_Wire+10%inoc∆hcn_1_A-F"	1.6	1	91	0.1	10000	9100000
"168-1.2-H"	"2025-07-14_168hr_Wire+10%inoc∆hcn_1_A-F"	1.6	2	79	0.1	10000	7900000
"168-1.2-H"	"2025-07-14_168hr_Wire+10%inoc∆hcn_1_A-F"	1.6	3	81	0.1	10000	8100000
"168-1.3-H"	"2025-07-14_168hr_Wire+10%inoc∆hcn_1_A-F"	1.7	1	85	0.1	10000	8500000
"168-1.3-H"	"2025-07-14_168hr_Wire+10%inoc∆hcn_1_A-F"	1.7	2	82	0.1	10000	8200000
"168-1.3-H"	"2025-07-14_168hr_Wire+10%inoc∆hcn_1_A-F"	1.7	3	78	0.1	10000	7800000
"168-1.4-H"	"2025-07-14_168hr_Wire+10%inoc∆hcn_1_A-F"	1.8	1	175	0.1	10000	17500000
"168-1.4-H"	"2025-07-14_168hr_Wire+10%inoc∆hcn_1_A-F"	1.8	2	127	0.1	10000	12700000
"168-1.4-H"	"2025-07-14_168hr_Wire+10%inoc∆hcn_1_A-F"	1.8	3	191	0.1	10000	19100000
"168-2.1-H"	"2025-07-14_168hr_NoWire+10%inoc∆hcn_2_A-F"	2.5	1	70	0.1	1e+07	7e+09
"168-2.1-H"	"2025-07-14_168hr_NoWire+10%inoc∆hcn_2_A-F"	2.5	2	92	0.1	1e+07	9.2e+09
"168-2.1-H"	"2025-07-14_168hr_NoWire+10%inoc∆hcn_2_A-F"	2.5	3	80	0.1	1e+07	8e+09
"168-2.2-H"	"2025-07-14_168hr_NoWire+10%inoc∆hcn_2_A-F"	2.6	1	45	0.1	1e+07	4.5e+09
"168-2.2-H"	"2025-07-14_168hr_NoWire+10%inoc∆hcn_2_A-F"	2.6	2	62	0.1	1e+07	6.2e+09
"168-2.2-H"	"2025-07-14_168hr_NoWire+10%inoc∆hcn_2_A-F"	2.6	3	70	0.1	1e+07	7e+09
"168-2.3-H"	"2025-07-14_168hr_NoWire+10%inoc∆hcn_2_A-F"	2.7	1	47	0.1	1e+07	4.7e+09
"168-2.3-H"	"2025-07-14_168hr_NoWire+10%inoc∆hcn_2_A-F"	2.7	2	62	0.1	1e+07	6.2e+09
"168-2.3-H"	"2025-07-14_168hr_NoWire+10%inoc∆hcn_2_A-F"	2.7	3	61	0.1	1e+07	6.1e+09
"168-2.4-H"	"2025-07-14_168hr_NoWire+10%inoc∆hcn_2_A-F"	2.8	1	80	0.1	1e+07	8e+09
"168-2.4-H"	"2025-07-14_168hr_NoWire+10%inoc∆hcn_2_A-F"	2.8	2	79	0.1	1e+07	7.9e+09
"168-2.4-H"	"2025-07-14_168hr_NoWire+10%inoc∆hcn_2_A-F"	2.8	3	116	0.1	1e+07	1.16e+10
"0-1.1-DD"	"2025-09-02_0hr_Wire+10%inocDD_1_A-F"	11	1	66	0.1	1e+06	6.6e+08
"0-1.1-DD"	"2025-09-02_0hr_Wire+10%inocDD_1_A-F"	11	2	43	0.1	1e+06	4.3e+08
"0-1.1-DD"	"2025-09-02_0hr_Wire+10%inocDD_1_A-F"	11	3	60	0.1	1e+06	6e+08
"0-1.2-DD"	"2025-09-02_0hr_Wire+10%inocDD_1_A-F"	12	1	64	0.1	1e+06	6.4e+08
"0-1.2-DD"	"2025-09-02_0hr_Wire+10%inocDD_1_A-F"	12	2	63	0.1	1e+06	6.3e+08
"0-1.2-DD"	"2025-09-02_0hr_Wire+10%inocDD_1_A-F"	12	3	79	0.1	1e+06	7.9e+08
"0-1.3-DD"	"2025-09-02_0hr_Wire+10%inocDD_1_A-F"	13	1	41	0.1	1e+06	4.1e+08
"0-1.3-DD"	"2025-09-02_0hr_Wire+10%inocDD_1_A-F"	13	2	69	0.1	1e+06	6.9e+08
"0-1.3-DD"	"2025-09-02_0hr_Wire+10%inocDD_1_A-F"	13	3	63	0.1	1e+06	6.3e+08
"0-1.4-DD"	"2025-09-02_0hr_Wire+10%inocDD_1_A-F"	14	1	86	0.1	1e+06	8.6e+08
"0-1.4-DD"	"2025-09-02_0hr_Wire+10%inocDD_1_A-F"	14	2	84	0.1	1e+06	8.4e+08
"0-1.4-DD"	"2025-09-02_0hr_Wire+10%inocDD_1_A-F"	14	3	65	0.1	1e+06	6.5e+08
"0-2.1-DD"	"2025-09-02_0hr_NoWire+10%inocDD_2_A-F"	21	1	79	0.1	1e+06	7.9e+08
"0-2.1-DD"	"2025-09-02_0hr_NoWire+10%inocDD_2_A-F"	21	2	63	0.1	1e+06	6.3e+08
"0-2.1-DD"	"2025-09-02_0hr_NoWire+10%inocDD_2_A-F"	21	3	60	0.1	1e+06	6e+08
"0-2.2-DD"	"2025-09-02_0hr_NoWire+10%inocDD_2_A-F"	22	1	54	0.1	1e+06	5.4e+08
"0-2.2-DD"	"2025-09-02_0hr_NoWire+10%inocDD_2_A-F"	22	2	50	0.1	1e+06	5e+08
"0-2.2-DD"	"2025-09-02_0hr_NoWire+10%inocDD_2_A-F"	22	3	69	0.1	1e+06	6.9e+08
"0-2.3-DD"	"2025-09-02_0hr_NoWire+10%inocDD_2_A-F"	23	1	59	0.1	1e+06	5.9e+08
"0-2.3-DD"	"2025-09-02_0hr_NoWire+10%inocDD_2_A-F"	23	2	56	0.1	1e+06	5.6e+08
"0-2.3-DD"	"2025-09-02_0hr_NoWire+10%inocDD_2_A-F"	23	3	48	0.1	1e+06	4.8e+08
"0-2.4-DD"	"2025-09-02_0hr_NoWire+10%inocDD_2_A-F"	24	1	72	0.1	1e+06	7.2e+08
"0-2.4-DD"	"2025-09-02_0hr_NoWire+10%inocDD_2_A-F"	24	2	77	0.1	1e+06	7.7e+08
"0-2.4-DD"	"2025-09-02_0hr_NoWire+10%inocDD_2_A-F"	24	3	69	0.1	1e+06	6.9e+08
"24-1.1-DD"	"2025-09-03_24hr_Wire+10%inocDD_1_A-F"	11	1	77	0.1	1e+06	7.7e+08
"24-1.1-DD"	"2025-09-03_24hr_Wire+10%inocDD_1_A-F"	11	2	81	0.1	1e+06	8.1e+08
"24-1.1-DD"	"2025-09-03_24hr_Wire+10%inocDD_1_A-F"	11	3	74	0.1	1e+06	7.4e+08
"24-1.2-DD"	"2025-09-03_24hr_Wire+10%inocDD_1_A-F"	12	1	92	0.1	1e+06	9.2e+08
"24-1.2-DD"	"2025-09-03_24hr_Wire+10%inocDD_1_A-F"	12	2	85	0.1	1e+06	8.5e+08
"24-1.2-DD"	"2025-09-03_24hr_Wire+10%inocDD_1_A-F"	12	3	78	0.1	1e+06	7.8e+08
"24-1.3-DD"	"2025-09-03_24hr_Wire+10%inocDD_1_A-F"	13	1	67	0.1	1e+06	6.7e+08
"24-1.3-DD"	"2025-09-03_24hr_Wire+10%inocDD_1_A-F"	13	2	79	0.1	1e+06	7.9e+08
"24-1.3-DD"	"2025-09-03_24hr_Wire+10%inocDD_1_A-F"	13	3	107	0.1	1e+06	1.07e+09
"24-1.4-DD"	"2025-09-03_24hr_Wire+10%inocDD_1_A-F"	14	1	89	0.1	1e+06	8.9e+08
"24-1.4-DD"	"2025-09-03_24hr_Wire+10%inocDD_1_A-F"	14	2	97	0.1	1e+06	9.7e+08
"24-1.4-DD"	"2025-09-03_24hr_Wire+10%inocDD_1_A-F"	14	3	89	0.1	1e+06	8.9e+08
"24-2.1-DD"	"2025-09-03_24hr_NoWire+10%inocDD_2_A-F"	21	1	62	0.1	1e+07	6.2e+09
"24-2.1-DD"	"2025-09-03_24hr_NoWire+10%inocDD_2_A-F"	21	2	48	0.1	1e+07	4.8e+09
"24-2.1-DD"	"2025-09-03_24hr_NoWire+10%inocDD_2_A-F"	21	3	48	0.1	1e+07	4.8e+09
"24-2.2-DD"	"2025-09-03_24hr_NoWire+10%inocDD_2_A-F"	22	1	60	0.1	1e+07	6e+09
"24-2.2-DD"	"2025-09-03_24hr_NoWire+10%inocDD_2_A-F"	22	2	75	0.1	1e+07	7.5e+09
"24-2.2-DD"	"2025-09-03_24hr_NoWire+10%inocDD_2_A-F"	22	3	64	0.1	1e+07	6.4e+09
"24-2.3-DD"	"2025-09-03_24hr_NoWire+10%inocDD_2_A-F"	23	1	55	0.1	1e+07	5.5e+09
"24-2.3-DD"	"2025-09-03_24hr_NoWire+10%inocDD_2_A-F"	23	2	63	0.1	1e+07	6.3e+09
"24-2.3-DD"	"2025-09-03_24hr_NoWire+10%inocDD_2_A-F"	23	3	64	0.1	1e+07	6.4e+09
"24-2.4-DD"	"2025-09-03_24hr_NoWire+10%inocDD_2_A-F"	24	1	72	0.1	1e+07	7.2e+09
"24-2.4-DD"	"2025-09-03_24hr_NoWire+10%inocDD_2_A-F"	24	2	84	0.1	1e+07	8.4e+09
"24-2.4-DD"	"2025-09-03_24hr_NoWire+10%inocDD_2_A-F"	24	3	67	0.1	1e+07	6.7e+09
"72-1.1-DD"	"2025-09-05_72hr_Wire+10%inocDD_1_A-F"	11	1	369	0.1	1e+05	3.69e+08
"72-1.1-DD"	"2025-09-05_72hr_Wire+10%inocDD_1_A-F"	11	2	402	0.1	1e+05	4.02e+08
"72-1.1-DD"	"2025-09-05_72hr_Wire+10%inocDD_1_A-F"	11	3	349	0.1	1e+05	3.49e+08
"72-1.2-DD"	"2025-09-05_72hr_Wire+10%inocDD_1_A-F"	12	1	455	0.1	1e+05	4.55e+08
"72-1.2-DD"	"2025-09-05_72hr_Wire+10%inocDD_1_A-F"	12	2	439	0.1	1e+05	4.39e+08
"72-1.2-DD"	"2025-09-05_72hr_Wire+10%inocDD_1_A-F"	12	3	446	0.1	1e+05	4.46e+08
"72-1.3-DD"	"2025-09-05_72hr_Wire+10%inocDD_1_A-F"	13	1	520	0.1	1e+05	5.2e+08
"72-1.3-DD"	"2025-09-05_72hr_Wire+10%inocDD_1_A-F"	13	2	527	0.1	1e+05	5.27e+08
"72-1.3-DD"	"2025-09-05_72hr_Wire+10%inocDD_1_A-F"	13	3	525	0.1	1e+05	5.25e+08
"72-1.4-DD"	"2025-09-05_72hr_Wire+10%inocDD_1_A-F"	14	1	468	0.1	1e+05	4.68e+08
"72-1.4-DD"	"2025-09-05_72hr_Wire+10%inocDD_1_A-F"	14	2	469	0.1	1e+05	4.69e+08
"72-1.4-DD"	"2025-09-05_72hr_Wire+10%inocDD_1_A-F"	14	3	496	0.1	1e+05	4.96e+08
"72-2.1-DD"	"2025-09-05_72hr_NoWire+10%inocDD_2_A-F"	21	1	84	0.1	1e+07	8.4e+09
"72-2.1-DD"	"2025-09-05_72hr_NoWire+10%inocDD_2_A-F"	21	2	102	0.1	1e+07	1.02e+10
"72-2.1-DD"	"2025-09-05_72hr_NoWire+10%inocDD_2_A-F"	21	3	79	0.1	1e+07	7.9e+09
"72-2.2-DD"	"2025-09-05_72hr_NoWire+10%inocDD_2_A-F"	22	1	72	0.1	1e+07	7.2e+09
"72-2.2-DD"	"2025-09-05_72hr_NoWire+10%inocDD_2_A-F"	22	2	64	0.1	1e+07	6.4e+09
"72-2.2-DD"	"2025-09-05_72hr_NoWire+10%inocDD_2_A-F"	22	3	73	0.1	1e+07	7.3e+09
"72-2.3-DD"	"2025-09-05_72hr_NoWire+10%inocDD_2_A-F"	23	1	63	0.1	1e+07	6.3e+09
"72-2.3-DD"	"2025-09-05_72hr_NoWire+10%inocDD_2_A-F"	23	2	65	0.1	1e+07	6.5e+09
"72-2.3-DD"	"2025-09-05_72hr_NoWire+10%inocDD_2_A-F"	23	3	69	0.1	1e+07	6.9e+09
"72-2.4-DD"	"2025-09-05_72hr_NoWire+10%inocDD_2_A-F"	24	1	75	0.1	1e+07	7.5e+09
"72-2.4-DD"	"2025-09-05_72hr_NoWire+10%inocDD_2_A-F"	24	2	76	0.1	1e+07	7.6e+09
"72-2.4-DD"	"2025-09-05_72hr_NoWire+10%inocDD_2_A-F"	24	3	65	0.1	1e+07	6.5e+09
"168-1.1-DD"	"2025-09-09_168hr_Wire+10%inocDD_1_A-F"	11	1	228	0.1	10000	22800000
"168-1.1-DD"	"2025-09-09_168hr_Wire+10%inocDD_1_A-F"	11	2	130	0.1	10000	1.3e+07
"168-1.1-DD"	"2025-09-09_168hr_Wire+10%inocDD_1_A-F"	11	3	113	0.1	10000	11300000
"168-1.2-DD"	"2025-09-09_168hr_Wire+10%inocDD_1_A-F"	12	1	27	0.1	10000	2700000
"168-1.2-DD"	"2025-09-09_168hr_Wire+10%inocDD_1_A-F"	12	2	52	0.1	10000	5200000
"168-1.2-DD"	"2025-09-09_168hr_Wire+10%inocDD_1_A-F"	12	3	30	0.1	10000	3e+06
"168-1.3-DD"	"2025-09-09_168hr_Wire+10%inocDD_1_A-F"	13	1	43	0.1	10000	4300000
"168-1.3-DD"	"2025-09-09_168hr_Wire+10%inocDD_1_A-F"	13	2	62	0.1	10000	6200000
"168-1.3-DD"	"2025-09-09_168hr_Wire+10%inocDD_1_A-F"	13	3	48	0.1	10000	4800000
"168-1.4-DD"	"2025-09-09_168hr_Wire+10%inocDD_1_A-F"	14	1	369	0.1	10000	36900000
"168-1.4-DD"	"2025-09-09_168hr_Wire+10%inocDD_1_A-F"	14	2	367	0.1	10000	36700000
"168-1.4-DD"	"2025-09-09_168hr_Wire+10%inocDD_1_A-F"	14	3	391	0.1	10000	39100000
"168-2.1-DD"	"2025-09-09_168hr_NoWire+10%inocDD_2_A-F"	21	1	87	0.1	1e+07	8.7e+09
"168-2.1-DD"	"2025-09-09_168hr_NoWire+10%inocDD_2_A-F"	21	2	100	0.1	1e+07	1e+10
"168-2.1-DD"	"2025-09-09_168hr_NoWire+10%inocDD_2_A-F"	21	3	87	0.1	1e+07	8.7e+09
"168-2.2-DD"	"2025-09-09_168hr_NoWire+10%inocDD_2_A-F"	22	1	106	0.1	1e+07	1.06e+10
"168-2.2-DD"	"2025-09-09_168hr_NoWire+10%inocDD_2_A-F"	22	2	116	0.1	1e+07	1.16e+10
"168-2.2-DD"	"2025-09-09_168hr_NoWire+10%inocDD_2_A-F"	22	3	102	0.1	1e+07	1.02e+10
"168-2.3-DD"	"2025-09-09_168hr_NoWire+10%inocDD_2_A-F"	23	1	81	0.1	1e+07	8.1e+09
"168-2.3-DD"	"2025-09-09_168hr_NoWire+10%inocDD_2_A-F"	23	2	79	0.1	1e+07	7.9e+09
"168-2.3-DD"	"2025-09-09_168hr_NoWire+10%inocDD_2_A-F"	23	3	78	0.1	1e+07	7.8e+09
"168-2.4-DD"	"2025-09-09_168hr_NoWire+10%inocDD_2_A-F"	24	1	98	0.1	1e+07	9.8e+09
"168-2.4-DD"	"2025-09-09_168hr_NoWire+10%inocDD_2_A-F"	24	2	105	0.1	1e+07	1.05e+10
"168-2.4-DD"	"2025-09-09_168hr_NoWire+10%inocDD_2_A-F"	24	3	108	0.1	1e+07	1.08e+10
